image_width: 320
image_height: 240
camera_name: narrow_stereo
camera_matrix:
  rows: 3
  cols: 3
  data: [416.65053,   0.     , 166.12451,
           0.     , 419.40464, 104.41054,
           0.     ,   0.     ,   1.     ]
distortion_model: plumb_bob
distortion_coefficients:
  rows: 1
  cols: 5
  data: [0.176808, -0.590488, -0.008412, 0.015473, 0.000000]
rectification_matrix:
  rows: 3
  cols: 3
  data: [1., 0., 0.,
         0., 1., 0.,
         0., 0., 1.]
projection_matrix:
  rows: 3
  cols: 4
  data: [421.37357,   0.     , 168.73178,   0.     ,
           0.     , 426.43881, 102.66599,   0.     ,
           0.     ,   0.     ,   1.     ,   0.     ]
