# oST version 5.0 parameters


[image]

width
320

height
240

[narrow_stereo]

camera matrix
416.650528 0.000000 166.124514
0.000000 419.404643 104.410543
0.000000 0.000000 1.000000

distortion
0.176808 -0.590488 -0.008412 0.015473 0.000000

rectification
1.000000 0.000000 0.000000
0.000000 1.000000 0.000000
0.000000 0.000000 1.000000

projection
421.373566 0.000000 168.731782 0.000000
0.000000 426.438812 102.665989 0.000000
0.000000 0.000000 1.000000 0.000000
